pos	A	C	G	T
0	-0.2975	0.25250000000000006	0.15250000000000002	-0.10749999999999998
1	-0.47000000000000003	0.45	0.18	-0.16000000000000003
2	-0.4475	0.5125	0.27249999999999996	-0.3375
3	-0.36750000000000005	0.4625	0.48250000000000004	-0.5775
4	-0.09750000000000003	0.23249999999999998	0.09249999999999997	-0.22750000000000004
5	0.47750000000000004	-0.27249999999999996	0.7875000000000001	-0.9924999999999999
6	0.29000000000000004	1.0	-1.38	0.09000000000000008
7	0.05499999999999994	0.345	0.5249999999999999	-0.925
8	0.7199999999999998	0.96	-1.81	0.1299999999999999
9	-1.0175	-0.09750000000000003	0.4624999999999999	0.6524999999999999
10	0.4724999999999999	-0.34750000000000003	0.12249999999999994	-0.24750000000000003
11	0.14750000000000002	-0.3625	0.007500000000000007	0.20749999999999996
12	0.18	-0.04000000000000001	0.12	-0.26
13	-0.22249999999999998	0.1375	-0.10249999999999998	0.1875
14	0.26249999999999996	-0.0675	-0.3075	0.11249999999999999
15	-0.545	0.18499999999999994	0.0050000000000000044	0.355
16	0.72	0.49	-0.08000000000000007	-1.1300000000000001
17	0.13000000000000012	-1.7799999999999998	0.9900000000000002	0.6600000000000001
18	-0.95	0.6000000000000001	0.29000000000000004	0.06000000000000005
19	-0.2825000000000001	-1.1125	1.0975	0.2974999999999999
20	-1.2975	0.8825000000000001	-0.2875000000000001	0.7024999999999999
21	-0.3575	0.3625	0.09250000000000003	-0.09749999999999998
22	-0.10749999999999993	0.2825	0.6925000000000001	-0.8674999999999999
23	-0.23750000000000002	0.2425	0.4025	-0.40750000000000003
24	0.255	-0.135	0.395	-0.515
25	0.19749999999999995	0.027500000000000024	0.14750000000000002	-0.3725
