pos	A	C	G	T
0	0.06446875	0.0	0.0	0.0
1	0.0	0.11915625	0.0	0.0
2	0.0	0.0	0.0	0.2885625
3	0.16796875	0.0	0.0	0.0
4	0.15965625	0.0	0.0	0.0
5	0.0	0.0	0.0	0.18699999999999997
6	0.0078125	0.0	0.0	0.0
7	0.0205	0.0	0.0	0.0
8	0.0	0.0	0.0	0.04296875
9	0.0	0.0	0.0	0.104
10	0.0	0.0	0.0136875	0.0
11	0.0	0.0	0.0	0.2295
12	0.0	0.0390625	0.0	0.0
13	0.0	0.0	0.0	0.2055625
14	0.0	0.0	0.0	0.19971875000000003
15	0.0	0.088375	0.0	0.0
16	0.0	0.0	0.0	0.2793125
17	0.0	0.0	0.0	0.2583125
18	0.0	0.0	0.0	0.2788125
19	0.0	0.0	0.0	0.37565625
20	0.0	0.15690625	0.0	0.0
21	0.0	0.0	0.0	0.3418125
22	0.0	0.11196875	0.0	0.0
23	0.0	0.14259375	0.0	0.0
24	0.0	0.17384375	0.0	0.0
25	0.0	0.08725	0.0	0.0
26	0.0	0.0	0.0	0.21221875
27	0.0	0.0	0.0	0.375
28	-0.0	-0.0	-0.0	-0.03190625
29	0.165375	0.0	0.0	0.0
30	0.69596875	0.0	0.0	0.0
31	0.0	0.0	0.69728125	0.0
32	-0.0	-0.0	-0.0	-0.0266875
33	0.0	0.0	0.2233125	0.0
34	0.0	0.0	0.16015625	0.0
35	0.029312500000000002	0.0	0.0	0.0
36	0.0	0.0950625	0.0	0.0
37	0.0	0.0	0.08984375	0.0
38	0.0	0.09700000000000002	0.0	0.0
39	0.0	0.0	0.0514375	0.0
40	0.00715625	0.0	0.0	0.0
41	0.0	0.11525	0.0	0.0
42	-0.0	-0.0	-0.0078125	-0.0
43	0.0	0.0	0.0	0.026031249999999995
44	0.0	0.290375	0.0	0.0
45	0.09440624999999998	0.0	0.0	0.0
46	0.1796875	0.0	0.0	0.0
47	0.0	0.0	0.46353125	0.0
48	0.3424375	0.0	0.0	0.0
49	0.14190625	0.0	0.0	0.0
50	0.0	0.0	0.4511875	0.0
51	0.1640625	0.0	0.0	0.0
52	-0.037125	-0.0	-0.0	-0.0
53	-0.0390625	-0.0	-0.0	-0.0
54	-0.0	-0.0	-0.0	-0.08725
55	-0.08203125	-0.0	-0.0	-0.0
56	0.0	0.0	0.00390625	0.0
57	0.15690625	0.0	0.0	0.0
58	-0.0	-0.0	-0.0	-0.02409375
59	0.0	0.26759375	0.0	0.0
60	0.014968749999999998	0.0	0.0	0.0
61	0.0	0.0	0.0	0.0234375
62	0.0	0.3574375	0.0	0.0
63	0.0	0.0	0.0	0.00065625
64	-0.0	-0.0	-0.014968749999999998	-0.0
65	-0.0	-0.0	-0.05403125	-0.0
66	-0.0	-0.0	-0.0	-0.09309375000000002
67	0.0	0.0	0.64646875	0.0
68	0.0	0.0	0.69009375	0.0
69	0.0	0.0	0.0	0.66796875
70	0.6861875	0.0	0.0	0.0
71	0.53515625	0.0	0.0	0.0
72	0.0	0.0	0.0	0.16471875
73	0.09309375000000002	0.0	0.0	0.0
74	0.0	0.06446875	0.0	0.0
75	0.018875	0.0	0.0	0.0
76	0.0	0.0	0.0794375	0.0
77	0.0	0.0	0.0	0.14453125
78	0.0	0.0	0.0	0.11784374999999998
79	0.0	0.0	0.0	0.2141875
80	0.0	0.0	0.0	0.1920625
81	0.0	0.0	0.0	0.16928124999999997
82	0.0	0.0	0.0	0.12434375000000002
83	-0.0	-0.0	-0.06575	-0.0
84	0.0	0.03253125	0.0	0.0
85	0.0	0.0	0.0	0.081375
86	0.0	0.01953125	0.0	0.0
87	0.0	0.0	0.0	0.08659374999999998
88	0.0	0.0	0.0	0.10028125
89	0.0	0.0	0.0	0.0703125
