pos	A	C	G	U
0	0.3257847108506421	0.3598931310867879	0.1883478410755839	0.12597431698698613
1	0.6302921658191847	0.1096785314142894	0.12005515814875463	0.13997414461777127
2	0.1011945186589675	0.02727225717486857	0.7991933120744635	0.07233991209170042
3	0.0	0.0	1.0	0.0
4	0.0	0.0	0.0	1.0
5	0.5740239593208653	0.03417392053779195	0.35520813582694133	0.036593984314401445
6	0.6734534172196845	0.0831681461690942	0.12562268378867533	0.1177557528225459
7	0.09120744635008189	0.06308368525381368	0.7633474101525468	0.08236145824355771
8	0.17799189864690165	0.15584590192191675	0.19268465052141687	0.47347754890976473
