	A	C	G	T
0	0.0	0.5346	0.4224	0.3781
1	0.0	0.91605	0.5112	0.54045
2	0.0	0.88835	0.68695	0.1397
3	0.1048	1.29735	1.1066	0.38085
4	0.19375	0.45535	0.5181	0.0
5	1.7341	0.86725	1.9783	0.0
6	1.54185	2.29625	0.0	1.14915
7	0.9965	1.2574	1.50245	0.0
8	2.48845	2.76965	0.0	1.92355
9	0.0	0.98265	1.551	1.7597
10	0.85745	0.2729	0.5967	0.0489
11	0.46415	0.0	0.30795	0.56975
12	0.4264	0.17305	0.37195	0.0
13	0.0	0.37195	0.17305	0.4264
14	0.56975	0.30795	0.0	0.46415
15	0.0489	0.5967	0.2729	0.85745
16	1.7597	1.551	0.98265	0.0
17	1.92355	0.0	2.76965	2.48845
18	0.0	1.50245	1.2574	0.9965
19	1.14915	0.0	2.29625	1.54185
20	0.0	1.9783	0.86725	1.7341
21	0.0	0.5181	0.45535	0.19375
22	0.38085	1.1066	1.29735	0.1048
23	0.1397	0.68695	0.88835	0.0
24	0.54045	0.5112	0.91605	0.0
25	0.3781	0.4224	0.5346	0.0
