pos A C G T
0 +0.18 -0.16 -0.09 +0.07
1 +0.29 -0.28 -0.11 +0.10
2 +0.28 -0.32 -0.17 +0.21
3 +0.23 -0.29 -0.30 +0.36
4 +0.06 -0.14 -0.06 +0.14
5 -0.29 +0.17 -0.49 +0.61
6 -0.18 -0.62 +0.85 -0.06
7 -0.03 -0.21 -0.32 +0.57
8 -0.44 -0.59 +1.12 -0.08
9 +0.63 +0.06 -0.29 -0.40
10 -0.29 +0.21 -0.08 +0.15
11 -0.09 +0.22 -0.00 -0.13
12 -0.11 +0.02 -0.07 +0.16
13 +0.14 -0.08 +0.06 -0.12
14 -0.16 +0.04 +0.19 -0.07
15 +0.34 -0.11 -0.00 -0.22
16 -0.44 -0.30 +0.05 +0.70
17 -0.08 +1.10 -0.61 -0.41
18 +0.59 -0.37 -0.18 -0.04
19 +0.17 +0.69 -0.68 -0.18
20 +0.80 -0.54 +0.18 -0.43
21 +0.22 -0.22 -0.06 +0.06
22 +0.07 -0.17 -0.43 +0.54
23 +0.15 -0.15 -0.25 +0.25
24 -0.16 +0.08 -0.24 +0.32
25 -0.12 -0.02 -0.09 +0.23
