pos	A	C	G	T
0	-0.30	0.25	0.15	-0.11
1	-0.47	0.45	0.18	-0.16
2	-0.45	0.51	0.27	-0.34
3	-0.37	0.46	0.48	-0.58
4	-0.10	0.23	0.09	-0.23
5	0.48	-0.27	0.79	-0.99
6	0.29	1.00	-1.38	0.09
7	0.05	0.35	0.52	-0.93
8	0.72	0.96	-1.81	0.13
9	-1.02	-0.10	0.46	0.65
10	0.47	-0.35	0.12	-0.25
11	0.15	-0.36	0.01	0.21
12	0.18	-0.04	0.12	-0.26
13	-0.22	0.14	-0.10	0.19
14	0.26	-0.07	-0.31	0.11
15	-0.55	0.18	0.01	0.36
16	0.72	0.49	-0.08	-1.13
17	0.13	-1.78	0.99	0.66
18	-0.95	0.60	0.29	0.06
19	-0.28	-1.11	1.10	0.30
20	-1.30	0.88	-0.29	0.70
21	-0.36	0.36	0.09	-0.10
22	-0.11	0.28	0.69	-0.87
23	-0.24	0.24	0.40	-0.41
24	0.26	-0.14	0.40	-0.52
25	0.20	0.03	0.15	-0.37