Position	A	C	D	E	F	G	H	I	K	L	M	N	P	Q	R	S	T	V	W	Y
1	-0.009289399	0.033104726	-0.01069679	-0.013727287	0.015912384	-0.003173522	0.000752063	0.035353649	-0.018511774	0.001361225	0.088790045	-0.008343569	-0.019526002	0	-0.018622841	-0.015206859	-0.007674644	0.01662641	0.010792256	0.016454446
2	-0.007876562	0.014907408	0.013863657	-0.041392389	0.003410621	0.022641582	0.017519772	-0.015139612	-0.001095862	-0.0317712	-0.018330952	-0.011174549	0.081595879	-0.02525602	0	-0.009012859	-0.007215458	0.004968819	0.036448771	0.004185657
3	0.024226064	0.028735195	0	-0.018029263	0.007218838	-0.018202224	0.016747375	-0.026729316	0.008086446	-0.010513558	-0.007541187	9.82E-05	-0.001739928	-0.015926794	0.029666293	0.012650813	-0.030598389	-0.034751783	0.031607388	0.01081038
4	0.01159371	-0.031132124	0.076858614	0.047759069	-0.012833122	0.002211362	0.018120561	-0.017713911	0	-0.044410021	-0.008575946	0.037935913	0.064389025	0.058542526	0.037482998	-0.026634865	-0.028449394	-0.031289878	0	-0.046380896
5	0.055648472	0.010193025	-0.012654762	-0.010035254	-0.011024288	0	-0.019322292	-0.008730228	-0.028645571	-0.016296203	0.030549537	0.012603507	-0.018810825	0	0.007106536	0.055572277	0.053294591	-0.01074521	0.033514953	-0.014450748
6	0.008623812	0	0.053042048	-0.015610301	0.001059337	-0.01695028	0.008686693	0.019361761	-0.024175976	-0.017874447	0.005400471	-0.027251622	0.029145112	0.092774013	0.096017645	-0.029160612	-0.016376135	-0.002136531	-0.014112159	-0.016335242
7	-0.021141498	0.049429499	0	-0.027344566	-0.005968937	0.058081209	0.013962188	-0.006632828	0.026545906	-0.007995212	-0.011464864	0.015329472	-0.024956277	-0.007339488	0.054035348	0.076252626	0.020033517	0.005652882	0.002927793	-0.011640345
8	-0.005071239	0.0178282	0.108085402	-0.008022148	0	0.062876876	0.059831143	0.001840683	-0.022098135	-0.012834228	0.004845487	-0.002883221	0.002090326	0.007565809	-0.019927334	0.035883641	-0.003339024	-0.002471298	0.01819963	-0.00479164
9	-0.005888113	0.010575383	-0.009627477	-0.022158865	0	-0.003554162	0.084795608	0.002775359	-0.001593281	-0.022742204	0.046170993	0.104543325	0.017385357	-0.017863552	-0.019584632	0.031447679	0.080685739	0.00598474	0.03747958	-0.015625295
10	-0.018317576	0.004378576	0.044392263	0.002771262	-0.078050347	0.04733317	-0.032292567	-0.067475522	0.017002011	-0.027200766	-0.032717757	0.037062607	0.013129158	-0.046953328	0.01694968	0	0.002203347	-0.053252141	-0.06603488	-0.080180114
11	0.009937297	0.012691852	-0.024405137	-0.034883739	-0.010618142	0.003987267	-0.01216269	-0.01494431	0.018179603	-0.015192354	0	0.016927972	0.031759421	-0.025001697	0.005506275	-0.001501405	0.0080659	0.003574834	0.013925516	-0.01447851
12	-0.01301007	0.019085248	-0.002593377	-0.019865362	0.031545717	0	0.011093303	-0.00875782	0.005147464	-0.015941911	0.009948655	0.008209462	0.059256122	-0.000210715	0.101400871	-0.001686357	-0.004789295	-0.003656135	0.034262062	0.018212443
