pos	A	C	G	T
0	0.00	0.55	0.45	0.19	
1	0.00	0.92	0.65	0.31	
2	0.00	0.96	0.72	0.11	
3	0.21	1.04	1.06	0.00	
4	0.13	0.46	0.32	0.00	
5	1.47	0.72	1.78	0.00	
6	1.67	2.38	0.00	1.47	
7	0.98	1.27	1.45	0.00	
8	2.53	2.77	0.00	1.94	
9	0.00	0.92	1.48	1.67	
10	0.82	0.00	0.47	0.10	
11	0.51	0.00	0.37	0.57	
12	0.44	0.22	0.38	0.00	
13	0.00	0.36	0.12	0.41	
14	0.57	0.24	0.00	0.42	
15	0.00	0.73	0.55	0.90	
16	1.85	1.62	1.05	0.00	
17	1.91	0.00	2.77	2.44	
18	0.00	1.55	1.24	1.01	
19	0.83	0.00	2.21	1.41	
20	0.00	2.18	1.01	2.00	
21	0.00	0.72	0.45	0.26	
22	0.76	1.15	1.56	0.00	
23	0.17	0.65	0.81	0.00	
24	0.77	0.38	0.91	0.00	
25	0.57	0.40	0.52	0.00	
