# 
# ARS1 enrichment matrix.
# From unpublished data collected by JBK, from an experiment analogous
# to the arsMut-seq assay described by Liachko et al. (2013).
# 
# Reference:
# 
# Liachko I et al. (2013) High-resolution mapping, characterization, and optimization
# of autonomously replicating sequences in yeast. Genome Res. 23(4):698–704.
# 
pos	A	C	G	T
0	0.06289044538461087	-0.17457791973116166	-0.08827744456839261	0.1999649189149434
1	0.5053118843452795	-0.38052071601400184	-0.09930254597241894	-0.025488622358858775
2	0.3249559382230771	-0.2236892757859591	-0.22238592467840845	0.12111926224129044
3	-0.06275561844795949	-0.11743157592129255	0.004755662058099047	0.17543153231115294
4	-3.869985825061262e-05	0.10865839208244968	-0.259812948059744	0.15119325583554488
5	-0.021118319544015593	-0.10286333998755605	0.11922756534258254	0.004754094188989116
6	-0.022357078705063982	0.00934847691669674	-0.0464007570093303	0.05940935879769757
7	0.20558490279345704	-0.11004969343172041	-0.09669984216613418	0.00116463280439757
8	0.09071921368923334	0.00437122215888977	-0.2519075982999994	0.15681716245187632
9	0.3205520045936098	-0.21882953217656026	-0.2874250839299802	0.18570261151293072
10	-0.033260625294632	-0.08185593728250656	-0.1318043742201095	0.2469209367972481
11	0.0567433770212703	-0.008715603444492293	-0.45765851367179233	0.40963074009501427
12	0.015220285881549445	-0.1435847689612339	-0.18515326992863396	0.31351775300831847
13	0.1801179364109575	-0.08185128835290678	-0.38653613574330414	0.2882694876852534
14	-0.047705223179152295	0.16351638682139388	-0.09286367311203875	-0.02294749053020287
15	0.43172005440312555	-0.10279910337436854	-0.22765069998531573	-0.10127025104344134
16	0.29050012447890167	-0.3473799850588646	0.06734083043213698	-0.01046096985217411
17	1.0842288380232776	-1.1432417189150819	-0.42843170662849994	0.48744458752030406
18	0.8624577923623871	-1.245141028317888	-0.8183768967942151	1.201060132749716
19	0.17600556650666022	-1.5500494706353072	-2.0001958917856273	3.3742397959142756
20	0.517192053754993	-1.4111130004739607	-2.1894118737704398	3.0833328204894075
21	0.8071921781972795	-0.14998826932290577	-2.810179955738581	2.1529760468642065
22	3.4269800894770577	-1.5111354770622274	-1.1980205275439033	-0.7178240848709256
23	-1.0076204406704834	1.1936197765423944	-2.2264318256289766	2.040432489757066
24	0.9449647745851621	-1.6795291297223	2.664522307443259	-1.9299579523061219
25	0.17731163923351678	-1.6485153002654123	-1.7548203566229903	3.2260240176548853
26	-1.1119512152653312	-0.7450930806291942	-1.4676000958343876	3.324644391728914
27	-0.9969418643593446	-1.5804491495770172	-1.0241657883602908	3.6015568022966518
28	1.6026849683273965	-1.391532328045281	-1.7776840941329732	1.5665314538508575
29	-1.877881913663118	-1.5866341837242839	3.032553190610243	0.43196290677715865
30	-0.49930218793599895	0.17205002304486616	0.05833951783737995	0.26891264705375295
31	-0.8993437321953865	0.25158160140420005	-0.37554983794614105	1.0233119687373275
32	0.01870696448852649	0.6787900755979952	0.3483081390746425	-1.045805179161164
33	-0.4086360490091968	0.19012463677513566	0.07121932172268272	0.14729209051137843
34	0.1654696078833615	-0.13034358781227218	0.0735760356678631	-0.10870205573895242
35	0.303775019261878	-0.13977745536822506	0.19138274646403003	-0.35538031035768297
36	0.2500132204847627	-0.2645844241160543	0.04859422036044973	-0.03402301672915817
37	0.3835780662749428	-0.2590111666752154	-0.4291775090463058	0.30461060944657836
38	0.11766724054511908	-0.05351883595948845	-0.07760441438737566	0.01345600980174503
39	-0.18048246623248443	0.16962133341342017	-0.029442528777057737	0.04030366159612202
40	0.043664928616734516	0.1835531837904552	-0.08976491734103029	-0.1374531950661594
41	-0.11402681118924611	0.17632582136523442	0.053161200212553356	-0.11546021038854165
42	0.30229671877193875	-0.0036370880080885057	-0.34184914866609906	0.04318951790224886
43	0.5950697724884089	-0.5731927945025619	0.5863475444672638	-0.6082245224531109
44	0.31479360814385926	0.24394206226225273	-1.0779147834781537	0.5191791130720418
45	1.3351689039893946	-2.0329964032284122	-0.7966098623543036	1.4944373615933217
46	-0.24436992853747874	-0.24913325603363834	-1.5304177157446635	2.0239209003157805
47	-0.42023576285627584	-0.05362763675215776	-0.7955767938598188	1.2694401934682527
48	-0.0018339778461983203	0.22049939192144702	-0.3481435871732492	0.1294781730980006
49	0.0028103833108212087	-0.03657935700273624	0.2875624396973474	-0.25379346600543234
50	0.5527978036170721	0.14276928822517448	0.43224183349684775	-1.1278089253390942
51	0.16133934805241704	0.1303235373775408	-0.1641913710041459	-0.12747151442581192
52	0.135972349833768	-0.00791667936617313	0.23198464133698032	-0.3600403118045752
53	0.12935987463186197	0.17722574268102537	-0.2892824095341823	-0.01730320777870506
54	0.09870691797289899	0.30432696941800647	-0.1706693814036955	-0.23236450598720998
55	-0.008246043343788548	-0.037439856793993295	-0.1531167409112101	0.19880264104899198
56	0.11002655446624426	-0.12153755755203259	-0.19130772344888294	0.20281872653467126
57	0.023759392390112537	-0.027728847815983126	0.023864071135055266	-0.019894615709184667
58	0.035849394477844854	-0.12698586297181214	0.14883657040880216	-0.057700101914834885
59	0.15437654888669186	-0.10904502060576098	-0.0460481715326784	0.0007166432517475008
60	0.23637308485337558	-0.19359622521428146	0.10822239301285072	-0.15099925265194486
61	-0.24013323921126387	0.07495801322086235	0.15692849745508333	0.008246728535318243
62	-0.02019930701141573	0.10397861732180702	-0.277761057478104	0.19398174716771277
63	-0.024270492559450463	0.2815828027260683	-0.34500294273060766	0.08769063256398996
64	-0.047492149327703403	-0.12176379605853486	0.16568366431835455	0.0035722810678836953
65	-0.12623048480150187	0.08789349506063811	0.10847404160672643	-0.07013705186586267
66	0.02844867798837466	-0.6488501234266618	0.25782091464473406	0.3625805307935531
67	0.21283807884651457	-0.11513114410943405	-0.16142371037067457	0.0637167756335941
68	0.24003326662486046	-0.0374561534757307	-0.2777190896856814	0.07514197653655157
69	0.20732874221459488	-0.15672956126300885	-0.037612628463887125	-0.012986552487698883
70	-0.2367015090356019	0.06262994877118352	-0.16511253849935184	0.3391840987637702
71	0.2388285018307399	-0.061113833014800945	0.12860886731578447	-0.30632353613172336
72	0.09835846827689157	0.006211959367537592	-0.0458504590592337	-0.05871996858519547
73	0.03235613893637306	-0.12083032583612753	-0.009297963415178249	0.09777215031493272
74	0.31616220546259804	-0.22671870589002446	0.03892531558490267	-0.12836881515747622
75	0.34314351508517926	0.10844371242902737	-0.02670238267105496	-0.42488484484315164
76	0.15909620917583434	0.6674554748631822	-0.5760500605074399	-0.2505016235315767
77	0.5164469590037928	-0.5595467803470722	-0.433776129988649	0.47687595133192845
78	0.8869228389912065	0.08599069828138117	-0.8077559054898845	-0.16515763178270304
79	0.6545450230135624	-0.5373510745741166	-0.08098366992151797	-0.03621027851792786
80	1.0740315079983456	-1.0217449584840987	-0.842609965165153	0.790323415650906
81	0.050813274250738893	0.4658290785279419	-0.5079291239404645	-0.008713228838216514
82	0.27542972900063856	-0.26375744419645675	0.019078688075286537	-0.03075097287946836
83	0.09896476376220642	-0.5978713409984537	-0.796384483641988	1.295291060878235
84	1.35044253146612	-0.9741574563436888	-0.20542244736533055	-0.17086262775710104
85	1.3249869975539204	-0.6460900673351364	-0.599200729462507	-0.0796962007562767
86	1.2624627161418098	-0.47562679978994815	-1.150915406049867	0.36407948969800485
87	0.43140626880443833	-0.034139484566079514	-0.7300299371810697	0.3327631529427108
88	0.5992084401000953	-0.43719443646319966	-0.6481176859147075	0.48610368227781203
89	0.30632985386969325	-0.008289894743584603	-0.5860980855373779	0.28805812641126927
90	0.3142768342895348	-0.3071819601611136	-0.25803622895354555	0.2509413548251244
91	0.24180988436385784	-0.15492937729503203	-0.3999461493345438	0.31306564226571787
92	0.2352510512644071	0.06041865204360777	-0.22734659290088102	-0.06832311040713382
93	0.056231028604743535	0.08109007035002194	-0.24052150490211543	0.1032004059473499
94	0.11451831347608388	-0.1312329356674417	-0.2667285762537334	0.28344319844509114
95	0.31331951439288874	-0.32561979114458267	0.039328785496942686	-0.02702850874524887
96	0.15021301381762253	-0.023482180175343745	-0.26787848602369707	0.1411476523814183
97	0.24326766646881157	-0.19647232044129204	-0.028677055531363193	-0.018118290496156333
98	0.027211349213994825	0.052437476320623316	-0.08831706055117455	0.008668235016556398
99	0.19717213562221123	-0.041807023823332234	-0.21052537825825932	0.05516026645938031
100	0.07347811246472555	-0.11949511805718346	-0.036248900829958644	0.08226590642241656
101	0.11276642537751375	-0.03175241516563951	-0.12573017877207504	0.04471616856020078
102	0.04491118992971248	0.1340772012193291	-0.06050850576513487	-0.11847988538390675
103	0.13104351755363136	-0.09311036847646853	-0.040585942015533255	0.0026527929383704796
104	0.21410072212980136	-0.07718822202739978	-0.21537087673709038	0.07845837663468878
105	0.18600045605869836	-0.1631169788481221	-0.12535779619560722	0.10247431898503083
106	0.1712934920297288	-0.11547024987661617	-0.03661403159913512	-0.01920921055397745
107	0.053498152901978915	-0.039120909995809146	-0.12727150164228782	0.11289425873611804
108	-0.16625019992947346	0.028972540055624187	0.09948880388731504	0.037788855986534226
109	-0.23882189951965063	0.16565640453527988	0.06695874623434558	0.006206748750025175
110	0.23008088769384866	-0.0769221387576263	-0.21495337560967834	0.061794626673455894
111	0.047136168810405485	0.0445988170864575	-0.15786653376784116	0.06613154787097815
112	0.17425635849272203	-0.1450339762109361	-0.05658544797757335	0.02736306569578742
113	0.296727083281099	-0.1394496149605845	-0.2836074206785844	0.1263299523580699
114	0.15342119910814184	-0.012928562894287617	0.039239424000281034	-0.17973206021413524
115	0.015728128328584744	0.06073571935219641	-0.13996913725141985	0.06350528957063871
116	0.037684452956587434	0.012322214703862383	-0.017750991571341322	-0.032255676089108495
117	0.13182196070501878	0.037789467256149	-0.18688438481576541	0.017272956854597663
118	0.0739531863288235	0.09169392373225205	0.04552419186107601	-0.21117130192215156
119	0.02781028663582183	-0.0681940482045846	0.05429673025463162	-0.013912968685868887
120	0.012753118346664625	-0.3053068767068149	-0.05868418438540064	0.3512379427455509
121	0.24948852207210204	-0.25746370182120076	0.06516066050937105	-0.05718548076027232
122	0.026441633829461866	0.03440125684576212	-0.13474189431380343	0.07389900363857943
123	0.01823150151190686	0.15299545805411158	-0.2788702906328227	0.10764333106680422
124	0.0244931627851519	-0.0415802379759862	-0.06086791291020863	0.0779549881010429
125	-0.0105028649436619	-0.049082902898287206	-0.07558843097581638	0.13517419881776552
126	-0.1017333996142401	0.08077694041902586	0.03209675224481429	-0.011140293049600028
127	-0.04129141276812408	-0.10531224409156628	0.028428474441924888	0.11817518241776548
128	-0.5296298811736508	0.02545443813376422	0.40597513955669623	0.0982003034831903
129	-0.3474552985094017	-0.27853035054193054	0.04820161708119674	0.5777840319701356
130	0.11214642079804851	0.2130710899512132	-0.6069502439425518	0.28173273319329006
131	-0.003040059870126081	-0.19840506827033128	0.23231495042775274	-0.030869822287295384
132	-0.008738763752118394	-0.7361668139188149	0.19285699684158739	0.5520485808293459
133	0.6468544424959257	-0.06513265716346488	-0.47277100751549334	-0.10895077781696742
134	-0.41781661003116033	-0.08719118265034531	0.2716319155243188	0.23337587715718683
135	-0.17539941209282983	-0.27851270319185034	0.5827103528952624	-0.1287982376105822
136	0.3293346576994814	-0.3835903760804613	0.2976458880291871	-0.24339016964820737
137	0.3437700018538584	0.09453705588504435	-0.4220039291053321	-0.016303128633570863
138	-0.4536249586944988	0.5134272283524683	-0.05829655335861969	-0.001505716299349792
139	0.1316923657321913	-0.6538687191586561	0.5994220120978654	-0.07724565867140065
140	0.7004668568139971	-0.04671635746357278	-1.1534011786514304	0.49965067930100626
141	-0.22560653908605502	0.014853017592215578	0.3915989094062299	-0.1808453879123905
142	-0.23738657625029602	-0.007163404794385431	-0.018703251297139734	0.26325323234182135
143	1.2383239511775723	-0.16199138541743455	-1.0028045353317083	-0.07352803042842945
144	-0.07576970953445356	0.2729452313280518	0.31062066585252335	-0.5077961876461217
145	0.14161956765466965	0.00529418375530083	-0.21245251002671922	0.06553875861674871
146	0.22477180759846016	-0.2514310233629503	-0.14158582837385975	0.16824504413834984
147	0.03811096718183665	0.3399607658487469	-0.1370335587772225	-0.24103817425336108
148	-0.40393337347221225	0.04366568542901615	0.1472762488910034	0.21299143915219265
149	0.24712371051316395	-0.24162476030950752	-0.09121024662587113	0.08571129642221467
