# 
# CRP counts matrix. Created from the CRP binding sites from listed in RegulonDB.
# 
# References
# 
# Salgado H, et al. (2013) RegulonDB v8.0: omics data sets, evolutionary
# conservation, regulatory phrases, cross-validated gold standards
# and more. Nucl Acids Res. 41(Database issue):D203–13.
# 
# 
pos	A	C	G	T
0	133.0	65.0	72.0	88.0
1	147.0	46.0	58.0	107.0
2	166.0	26.0	38.0	128.0
3	164.0	28.0	43.0	123.0
4	133.0	45.0	47.0	133.0
5	42.0	42.0	29.0	245.0
6	33.0	16.0	249.0	60.0
7	30.0	39.0	29.0	260.0
8	37.0	18.0	260.0	43.0
9	235.0	41.0	48.0	34.0
10	79.0	56.0	55.0	168.0
11	72.0	115.0	80.0	91.0
12	72.0	90.0	56.0	140.0
13	138.0	48.0	91.0	81.0
14	79.0	77.0	103.0	99.0
15	138.0	62.0	68.0	90.0
16	33.0	31.0	31.0	263.0
17	46.0	261.0	15.0	36.0
18	250.0	30.0	44.0	34.0
19	62.0	244.0	16.0	36.0
20	231.0	36.0	46.0	45.0
21	97.0	68.0	51.0	142.0
22	120.0	40.0	20.0	178.0
23	116.0	44.0	24.0	174.0
24	90.0	54.0	40.0	174.0
25	103.0	62.0	60.0	133.0
