# 
# Saliency matrix illustrated in Figure 1F.
# Data are from Figure 1D of Janganathan et al. (2019),
# and were kindly provided by Kyle Farh and Kishore Jaganathan.
# 
# References:
# 
# Jaganathan K et al. (2019) Predicting Splicing from Primary Sequence with
# Deep Learning. Cell. 176(3):535–548.e24.
# 
pos	A	C	G	T
0	-0.0	-0.0	-0.0017247200012207033	-0.0
1	0.0	0.0	0.03355717658996582	0.0
2	0.0	0.0	0.03002625703811645	0.0
3	0.0	0.0	0.012748241424560549	0.0
4	0.0	0.0	0.000337064266204834	0.0
5	0.0	0.0	0.010082483291625977	0.0
6	0.0077555179595947266	0.0	0.0	0.0
7	-0.0	-0.0005035996437072754	-0.0	-0.0
8	0.0	0.0	0.0	0.004781067371368408
9	0.006117343902587891	0.0	0.0	0.0
10	0.0	0.0034853219985961914	0.0	0.0
11	0.0	0.0	0.0	0.004598855972290039
12	0.0	0.0	0.02129757404327393	0.0
13	0.0	0.0	0.0	0.005723953247070313
14	0.007767796516418456	0.0	0.0	0.0
15	0.0	0.0	0.0	0.006361484527587891
16	0.0	0.0	0.0	0.0036519169807434078
17	-0.0010989904403686523	-0.0	-0.0	-0.0
18	-0.0	-0.0	-0.0	-0.00955796241760254
19	-0.015061378479003906	-0.0	-0.0	-0.0
20	0.0022132396697998047	0.0	0.0	0.0
21	0.002511262893676758	0.0	0.0	0.0
22	-0.006979644298553467	-0.0	-0.0	-0.0
23	0.053841233253479004	0.0	0.0	0.0
24	0.0	0.10877585411071776	0.0	0.0
25	0.0	0.0	0.0	0.2701576352119446
26	0.15461397171020508	0.0	0.0	0.0
27	0.14693552255630493	0.0	0.0	0.0
28	0.0	0.0	0.0	0.1737479567527771
29	-0.002992212772369385	-0.0	-0.0	-0.0
30	0.013394176959991457	0.0	0.0	0.0
31	0.0	0.0	0.0	0.03456556797027588
32	0.0	0.0	0.0	0.0947067141532898
33	0.0	0.0	0.006862461566925049	0.0
34	0.0	0.0	0.0	0.21490615606307986
35	0.0	0.027639508247375492	0.0	0.0
36	0.0	0.0	0.0	0.18943160772323608
37	0.0	0.0	0.0	0.1834883689880371
38	0.0	0.07942467927932739	0.0	0.0
39	0.0	0.0	0.0	0.2616640329360962
40	0.0	0.0	0.0	0.2407630681991577
41	0.0	0.0	0.0	0.2626492977142334
42	0.0	0.0	0.0	0.3514275550842285
43	0.0	0.14405304193496704	0.0	0.0
44	0.0	0.0	0.0	0.3162224888801575
45	0.0	0.098494291305542	0.0	0.0
46	0.0	0.13216829299926758	0.0	0.0
47	0.0	0.15796130895614624	0.0	0.0
48	0.0	0.07443022727966309	0.0	0.0
49	0.0	0.0	0.0	0.19777989387512207
50	0.0	0.0	0.0	0.3498157858848572
51	-0.0	-0.0	-0.0	-0.02652168273925781
52	0.1539197564125061	0.0	0.0	0.0
53	0.6580616235733032	0.0	0.0	0.0
54	0.0	0.0	0.6580590009689331	0.0
55	-0.0	-0.0	-0.0	-0.02019983530044556
56	0.0	0.0	0.2097371220588684	0.0
57	0.0	0.0	0.14963698387145996	0.0
58	0.020245194435119632	0.0	0.0	0.0
59	0.0	0.08321928977966309	0.0	0.0
60	0.0	0.0	0.07984107732772827	0.0
61	0.0	0.08493256568908691	0.0	0.0
62	0.0	0.0	0.044861912727355964	0.0
63	0.0	0.0022673606872558594	0.0	0.0
64	0.0	0.10376620292663574	0.0	0.0
65	-0.0	-0.0	-0.0	-0.003504157066345215
66	0.0	0.0	0.0	0.023445427417755127
67	0.0	0.268629789352417	0.0	0.0
68	0.08780986070632935	0.0	0.0	0.0
69	0.16932624578475952	0.0	0.0	0.0
70	0.0	0.0	0.4318645596504211	0.0
71	0.32125645875930786	0.0	0.0	0.0
72	0.13286614418029785	0.0	0.0	0.0
73	0.0	0.0	0.4233521223068237	0.0
74	0.15548068284988406	0.0	0.0	0.0
75	-0.024510085582733158	-0.0	-0.0	-0.0
76	-0.03021836280822754	-0.0	-0.0	-0.0
77	-0.0	-0.0	-0.0	-0.07910829782485962
78	-0.0663379430770874	-0.0	-0.0	-0.0
79	0.0	0.0	0.006107151508331299	0.0
80	0.1492195725440979	0.0	0.0	0.0
81	-0.0	-0.0	-0.0	-0.016270339488983154
82	0.0	0.2494542598724365	0.0	0.0
83	0.00821542739868164	0.0	0.0	0.0
84	0.0	0.0	0.0	0.02139139175415039
85	0.0	0.33369892835617065	0.0	0.0
86	0.0	0.0	0.0	0.03933262825012207
87	-0.0	-0.0	-0.0087050199508667	-0.0
88	-0.0	-0.0	-0.04565578699111938	-0.0
89	-0.0	-0.0	-0.0	-0.07927989959716797
90	0.0	0.0	0.6124476194381714	0.0
91	0.0	0.0	0.653088390827179	0.0
92	0.0	0.0	0.0	0.6322194933891296
93	0.6526737809181213	0.0	0.0	0.0
94	0.5070254802703857	0.0	0.0	0.0
95	0.0	0.0	0.0	0.152055025100708
96	0.08882951736450195	0.0	0.0	0.0
97	0.0	0.057538747787475586	0.0	0.0
98	0.013128101825714113	0.0	0.0	0.0
99	-0.0	-0.0	-0.06940716505050659	-0.0
100	0.0	0.0	0.0	0.13499504327774048
101	0.0	0.0	0.0	0.11058568954467772
102	0.0	0.0	0.0	0.20262986421585086
103	0.0	0.0	0.0	0.18299031257629395
104	0.0	0.0	0.0	0.16181164979934692
105	0.0	0.0	0.0	0.11929702758789062
106	-0.0	-0.0	-0.05450296401977539	-0.0
107	0.0	0.025785267353057858	0.0	0.0
108	0.0	0.0	0.0	0.07696914672851562
109	0.0	0.01398545503616333	0.0	0.0
110	0.0	0.0	0.0	0.08300018310546875
111	0.0	0.0	0.0	0.09391528367996216
112	0.0	0.0	0.0	0.06947320699691772
113	-0.0	-0.0	-0.0	-0.009729087352752686
114	-0.008182883262634277	-0.0	-0.0	-0.0
115	0.005855321884155274	0.0	0.0	0.0
116	0.0	0.0	0.0	0.01896506547927856
117	0.0	0.023512601852416992	0.0	0.0
118	-0.0	-0.0	-0.01712024211883545	-0.0
119	-0.004249751567840576	-0.0	-0.0	-0.0
120	0.0	0.0	0.0	0.019003868103027344
121	-0.00032633543014526367	-0.0	-0.0	-0.0
122	-0.01048564910888672	-0.0	-0.0	-0.0
123	0.0017966628074645996	0.0	0.0	0.0
124	0.0	0.0	0.0	0.021005749702453613
125	0.0	0.0	0.0	0.01901513338088989
126	0.0	0.0	0.0	0.010700225830078123
127	0.0	0.0	0.0	0.010440587997436523
128	-0.0	-0.01064610481262207	-0.0	-0.0
