pos	A	C	G	U
0	0.2687074829931973	0.2521443359952677	0.23321502514049097	0.24593315587104406
1	0.34131913635019223	0.23099674652469684	0.2212363206152026	0.2064477965099083
2	0.2966577935522035	0.09730848861283643	0.39810706891452236	0.20792664892043775
3	0.0	0.0	1.0	0.0
4	0.0	0.0	0.0	1.0
5	0.33924874297545105	0.17006802721088435	0.2839396628216504	0.2067435669920142
6	0.30065069506063297	0.23351079562259686	0.21753918958887902	0.24829931972789115
7	0.21029281277728482	0.20260278024253178	0.3581780538302277	0.22892635314995563
8	0.22685595977521444	0.23232771369417332	0.23410233658680862	0.3067139899438036
