# 
# WW domain counts matrix.
# Counts derived From PFAM, RP15 (4025)
# http://pfam.xfam.org/family/PF00397#tabview=tab3
# Note: Positions with gaps in at least half of the
# sequences were removed.
# 
# References
# 
# Finn RD et al. (2014) Pfam: the protein families database.
# Nucl Acids Res. 42(Database issue):D222–30.
# 
pos	A	C	D	E	F	G	H	I	K	L	M	N	P	Q	R	S	T	V	W	Y
0	0.0	0.0	0.0	0.0	0.0	0.0	0.0	0.0	0.0	2521.0	0.0	0.0	0.0	0.0	0.0	0.0	0.0	42.0	0.0	0.0
1	24.0	0.0	0.0	14.0	4.0	8.0	9.0	0.0	4.0	8.0	0.0	8.0	2651.0	15.0	2.0	9.0	2.0	1.0	0.0	0.0
2	319.0	56.0	280.0	425.0	21.0	62.0	57.0	7.0	76.0	60.0	9.0	64.0	999.0	94.0	40.0	365.0	106.0	35.0	3.0	70.0
3	112.0	0.0	201.0	149.0	6.0	2320.0	49.0	3.0	31.0	22.0	4.0	243.0	320.0	45.0	10.0	50.0	3.0	15.0	0.0	2.0
4	0.0	0.0	0.0	0.0	6.0	0.0	0.0	0.0	0.0	1.0	0.0	0.0	0.0	0.0	1.0	0.0	0.0	1.0	3880.0	48.0
5	78.0	49.0	60.0	1831.0	19.0	19.0	31.0	154.0	358.0	47.0	42.0	22.0	0.0	244.0	159.0	249.0	320.0	238.0	6.0	24.0
6	461.0	35.0	7.0	1308.0	9.0	12.0	9.0	125.0	369.0	46.0	387.0	0.0	85.0	302.0	322.0	122.0	100.0	255.0	7.0	14.0
7	496.0	154.0	29.0	51.0	114.0	77.0	443.0	95.0	158.0	139.0	28.0	26.0	0.0	198.0	1257.0	66.0	66.0	267.0	0.0	338.0
8	54.0	4.0	26.0	147.0	278.0	7.0	100.0	298.0	428.0	332.0	105.0	28.0	11.0	171.0	310.0	91.0	423.0	504.0	298.0	366.0
9	346.0	11.0	1662.0	22.0	0.0	13.0	99.0	0.0	8.0	13.0	9.0	76.0	2.0	28.0	2.0	636.0	1084.0	1.0	0.0	2.0
10	469.0	0.0	288.0	423.0	19.0	127.0	59.0	18.0	175.0	57.0	23.0	165.0	1214.0	188.0	187.0	389.0	123.0	68.0	1.0	26.0
11	217.0	1.0	774.0	554.0	22.0	114.0	103.0	6.0	156.0	128.0	13.0	529.0	13.0	251.0	210.0	470.0	369.0	52.0	0.0	38.0
12	93.0	1.0	42.0	19.0	0.0	3194.0	27.0	11.0	145.0	3.0	0.0	229.0	0.0	131.0	59.0	55.0	3.0	11.0	0.0	0.0
13	148.0	24.0	100.0	185.0	26.0	47.0	87.0	50.0	528.0	95.0	30.0	62.0	0.0	271.0	1937.0	46.0	86.0	138.0	21.0	66.0
14	102.0	22.0	21.0	55.0	87.0	2.0	71.0	366.0	294.0	122.0	30.0	21.0	660.0	22.0	166.0	144.0	590.0	926.0	82.0	242.0
15	0.0	1.0	0.0	0.0	652.0	0.0	1.0	5.0	0.0	17.0	0.0	1.0	0.0	10.0	0.0	0.0	0.0	13.0	2.0	3323.0
16	0.0	0.0	0.0	0.0	1201.0	0.0	0.0	0.0	0.0	0.0	0.0	0.0	0.0	0.0	0.0	0.0	0.0	0.0	76.0	2748.0
17	65.0	16.0	1.0	12.0	342.0	9.0	163.0	641.0	5.0	126.0	16.0	4.0	0.0	7.0	11.0	16.0	7.0	1290.0	234.0	1060.0
18	0.0	14.0	1280.0	31.0	0.0	0.0	310.0	0.0	5.0	0.0	0.0	2339.0	0.0	20.0	1.0	17.0	0.0	0.0	0.0	8.0
19	231.0	41.0	30.0	149.0	67.0	13.0	1745.0	110.0	183.0	85.0	35.0	54.0	168.0	74.0	153.0	249.0	450.0	164.0	8.0	16.0
20	312.0	3.0	76.0	343.0	63.0	28.0	52.0	328.0	265.0	189.0	23.0	1035.0	55.0	213.0	233.0	204.0	188.0	351.0	1.0	60.0
21	93.0	2.0	54.0	82.0	4.0	3.0	23.0	8.0	27.0	48.0	6.0	371.0	0.0	23.0	35.0	342.0	2894.0	0.0	0.0	0.0
22	17.0	14.0	55.0	122.0	3.0	834.0	51.0	0.0	1046.0	16.0	22.0	257.0	42.0	296.0	1194.0	44.0	6.0	0.0	0.0	3.0
23	152.0	8.0	30.0	983.0	3.0	7.0	30.0	103.0	260.0	57.0	12.0	14.0	1.0	359.0	214.0	207.0	1281.0	295.0	0.0	3.0
24	38.0	14.0	3.0	1.0	1.0	2.0	0.0	15.0	9.0	2.0	4.0	19.0	7.0	5.0	31.0	1223.0	2519.0	124.0	0.0	2.0
25	42.0	43.0	2.0	1.0	2.0	0.0	117.0	40.0	46.0	62.0	9.0	1.0	0.0	1226.0	147.0	564.0	1490.0	219.0	0.0	4.0
26	0.0	3.0	0.0	0.0	136.0	0.0	0.0	9.0	0.0	14.0	0.0	1.0	0.0	0.0	15.0	0.0	1.0	2.0	3610.0	213.0
27	29.0	3.0	650.0	1514.0	27.0	7.0	80.0	155.0	133.0	132.0	4.0	159.0	0.0	237.0	26.0	97.0	464.0	230.0	0.0	36.0
28	61.0	20.0	951.0	16.0	59.0	0.0	428.0	57.0	657.0	115.0	89.0	101.0	322.0	21.0	936.0	26.0	15.0	67.0	0.0	12.0
29	0.0	0.0	0.0	0.0	0.0	0.0	0.0	0.0	0.0	0.0	0.0	0.0	3938.0	0.0	0.0	0.0	0.0	0.0	0.0	0.0
