# 
# WW domain information matrix (in bits).
# Counts derived From PFAM, RP15 (4025)
# http://pfam.xfam.org/family/PF00397#tabview=tab3
# Note: Positions with gaps in at least half of the
# sequences were removed.
# 
# References
# 
# Finn RD et al. (2014) Pfam: the protein families database.
# Nucl Acids Res. 42(Database issue):D222–30.
# 
pos	A	C	D	E	F	G	H	I	K	L	M	N	P	Q	R	S	T	V	W	Y
0	0.001591526468795453	0.001591526468795453	0.001591526468795453	0.001591526468795453	0.001591526468795453	0.001591526468795453	0.001591526468795453	0.001591526468795453	0.001591526468795453	4.013829754302133	0.001591526468795453	0.001591526468795453	0.001591526468795453	0.001591526468795453	0.001591526468795453	0.001591526468795453	0.001591526468795453	0.06843563815820448	0.001591526468795453	0.001591526468795453
1	0.03497481914499014	0.0013989927657996053	0.0013989927657996053	0.020984891486994083	0.006994963828998028	0.012590934892196452	0.013989927657996056	0.0013989927657996053	0.006994963828998028	0.012590934892196452	0.0013989927657996053	0.012590934892196452	3.710128814900554	0.022383884252793685	0.004196978297398817	0.013989927657996056	0.004196978297398817	0.0027979855315992106	0.0013989927657996053	0.0013989927657996053
2	0.10324713867289	0.018390896576108533	0.09066389364713152	0.13744775335828482	0.0070982407837611875	0.02032678042622522	0.018713543884461312	0.0025811784668222505	0.024843842743164157	0.019681485809519655	0.0032264730835278124	0.020972075042930784	0.32264730835278127	0.030651494293514218	0.01322853964246403	0.11808891485711794	0.0345232619937476	0.011615303100700126	0.0012905892334111253	0.02290795889304747
3	0.07119604228898258	0.0006300534715839166	0.12727080125995113	0.09450802073758749	0.004410374301087415	1.4623541075462703	0.031502673579195825	0.002520213886335666	0.02016171109068533	0.01449122984643008	0.003150267357919583	0.15373304706647561	0.2022471643784372	0.02898245969286016	0.006930588187423082	0.03213272705077974	0.002520213886335666	0.010080855545342665	0.0006300534715839166	0.0018901604147517498
4	0.0010464938143271588	0.0010464938143271588	0.0010464938143271588	0.0010464938143271588	0.007325456700290111	0.0010464938143271588	0.0010464938143271588	0.0010464938143271588	0.0010464938143271588	0.0020929876286543176	0.0010464938143271588	0.0010464938143271588	0.0010464938143271588	0.0010464938143271588	0.0020929876286543176	0.0010464938143271588	0.0010464938143271588	0.0020929876286543176	4.061442493403703	0.051278196902030775
5	0.02813927151531403	0.01780966551602154	0.021727791929546277	0.6525461445070292	0.007123866206408615	0.007123866206408615	0.011398185930253784	0.05520996309966677	0.12787339840503464	0.017097278895380676	0.015316312343778523	0.008192446137369908	0.00035619331032043074	0.08726736102850555	0.05699092965126892	0.0890483275801077	0.11433805261285827	0.08513020116658294	0.0024933531722430152	0.00890483275801077
6	0.12942780638325677	0.010085283614279749	0.0022411741365066106	0.3667121180858941	0.002801467670633263	0.0036419079718232423	0.002801467670633263	0.03529849264997912	0.10365430381343074	0.013166898051976336	0.10869694562057061	0.0002801467670633263	0.024092621967446066	0.08488447042018787	0.0904874057614544	0.03445805234878914	0.028294823473395958	0.07171757236821154	0.0022411741365066106	0.004202201505949895
7	0.11642077802228216	0.036308290932502485	0.007027411148226287	0.012180845990258898	0.0269384094015341	0.01827126898538835	0.10400568499374906	0.02248771567432412	0.037245279085599325	0.03279458535838934	0.006793164109952078	0.006324670033403659	0.00023424703827420958	0.04661516061656771	0.29468277414895566	0.015694551564372043	0.015694551564372043	0.06277820625748817	0.00023424703827420958	0.07940974597495705
8	0.007131184156060905	0.0006482894687328095	0.0035007631311571715	0.01918936827449116	0.036174552355290775	0.0010372631499724954	0.013095447268402753	0.03876771023022201	0.05562323641727506	0.04317607861760512	0.013743736737135562	0.0037600789186502956	0.0015558947249587427	0.02230115772440865	0.04032360495518075	0.011928526224683697	0.05497494694854225	0.06547723634201377	0.03876771023022201	0.04758444700498822
9	0.17764340500255926	0.006143287781068331	0.8513572983263863	0.011774634913714301	0.000511940648422361	0.007167169077913053	0.0511940648422361	0.000511940648422361	0.004607465835801249	0.007167169077913053	0.00511940648422361	0.0394194299285218	0.0015358219452670829	0.014846278804248467	0.0015358219452670829	0.3261061930450439	0.5554556035382617	0.001023881296844722	0.000511940648422361	0.0015358219452670829
10	0.1089014510438991	0.0002317052149870194	0.06696280713124861	0.09824301115449621	0.004634104299740388	0.029658267518338482	0.013902312899221165	0.004402399084753368	0.04078011783771541	0.013438902469247125	0.005560925159688465	0.03846306568784522	0.28152183620922855	0.04379228563254667	0.04356058041755964	0.09036503384493756	0.028731446658390402	0.015987659834104335	0.0004634104299740388	0.006256040804649523
11	0.04411506945404978	0.00040472540783531905	0.15683109553618613	0.11231130067430105	0.004654342190106169	0.023271710950530846	0.02104572120743659	0.0014165389274236166	0.03177094451507254	0.026104788805378077	0.002833077854847233	0.10725223307635955	0.002833077854847233	0.0509954013872502	0.04269853052662616	0.09531283354521763	0.07487420044953402	0.010725223307635954	0.00020236270391765952	0.007892145452788721
12	0.06824143730504269	0.0014519454745753765	0.03121682770337059	0.014519454745753764	0.0007259727372876882	2.3194828956341635	0.020327236644055266	0.008711672847452258	0.10599201964400247	0.002903890949150753	0.0007259727372876882	0.16697372957616827	0.0007259727372876882	0.09582840132197484	0.04355836423726129	0.04065447328811053	0.002903890949150753	0.008711672847452258	0.0007259727372876882	0.0007259727372876882
13	0.05559912683766725	0.009328712556655577	0.03768799872888853	0.06940562142151749	0.010075009561188024	0.01791112810877871	0.03283706819942763	0.019030573615577376	0.19739555769883205	0.03582225621755742	0.011567603570252917	0.023508355642772056	0.00037314850226622315	0.10149639261641268	0.7231617973919403	0.017537979606512485	0.03246391969716141	0.05186764181500501	0.008209267049856908	0.02500094965183695
14	0.022066583572213725	0.0049274895355428715	0.004713250860084486	0.0119973658256696	0.018853003440337943	0.000642716026375157	0.01542518463300377	0.07862559389322755	0.06320040926022379	0.026351357081381442	0.006641398939209956	0.004713250860084486	0.14161176447799295	0.0049274895355428715	0.03577785880155041	0.031064607941465927	0.12661505719590596	0.19859925214992355	0.017781810063046015	0.052059998136387724
15	0.0008679032236084139	0.0017358064472168277	0.0008679032236084139	0.0008679032236084139	0.5667408050162941	0.0008679032236084139	0.0017358064472168277	0.005207419341650482	0.0008679032236084139	0.015622258024951447	0.0008679032236084139	0.0017358064472168277	0.0008679032236084139	0.00954693545969255	0.0008679032236084139	0.0008679032236084139	0.0008679032236084139	0.012150645130517791	0.002603709670825241	2.884910315274367
16	0.0008068844243569	0.0008068844243569	0.0008068844243569	0.0008068844243569	0.9698750780769936	0.0008068844243569	0.0008068844243569	0.0008068844243569	0.0008068844243569	0.0008068844243569	0.0008068844243569	0.0008068844243569	0.0008068844243569	0.0008068844243569	0.0008068844243569	0.0008068844243569	0.0008068844243569	0.0008068844243569	0.06213010067548129	2.218125282557118
17	0.026830639476567542	0.006910922289418912	0.0008130496811081075	0.005284822927202698	0.1394380203100404	0.0040652484055405365	0.0666700738508648	0.2609889476357025	0.002439149043324322	0.051628654750364815	0.006910922289418912	0.0020326242027702683	0.00040652484055405373	0.00325219872443243	0.004878298086648644	0.006910922289418912	0.00325219872443243	0.5248235691552834	0.09553333753020263	0.431322855827851
18	0.0006989583766890926	0.010484375650336388	0.8953656805387277	0.022366668054050964	0.0006989583766890926	0.0006989583766890926	0.2173760551503078	0.0006989583766890926	0.004193750260134555	0.0006989583766890926	0.0006989583766890926	1.6355626014524767	0.0006989583766890926	0.014678125910470944	0.0013979167533781853	0.012581250780403666	0.0006989583766890926	0.0006989583766890926	0.0006989583766890926	0.006290625390201833
19	0.06930443307574778	0.012546492194747441	0.009260506143742159	0.04480890069552658	0.02031336831530538	0.004182164064915814	0.5215756040959294	0.03315858651468967	0.054965584853179275	0.025690436398768574	0.01075413616692638	0.016429930255026412	0.05048469478362661	0.02240445034776329	0.046003804714073955	0.07468150115921098	0.1347254280912166	0.04928979076507924	0.002688534041731595	0.005078342078826345
20	0.054469278148659726	0.0006960930114844695	0.013399790471076036	0.05986399898766436	0.011137488183751511	0.005046674333262403	0.00922323240216922	0.057253650194597605	0.04629018526371721	0.033064418045512294	0.0041765580689068155	0.18028808997447754	0.00974530216078257	0.03724097611441911	0.040721441171841455	0.03567476683857906	0.03289039479264118	0.0612561850106333	0.00034804650574223473	0.010615418425138157
21	0.06243471159696421	0.0019925971786265173	0.03653094827481949	0.05512852194200032	0.0033209952977108622	0.00265679623816869	0.015940777429012138	0.005977791535879552	0.018597573667180827	0.03254575391756645	0.004649393416795207	0.24708205014968815	0.0006641990595421725	0.015940777429012138	0.02391116614351821	0.22782027742296515	1.9228562773745892	0.0006641990595421725	0.0006641990595421725	0.0006641990595421725
22	0.007350862415053444	0.006125718679211204	0.022869349735721828	0.05023089316953187	0.001633524981122988	0.34099833980942373	0.02123582475459884	0.000408381245280747	0.4275751638089421	0.006942481169772698	0.009392768641457182	0.1053623612824327	0.01756039354707212	0.12128922984838186	0.4880155881104926	0.018377156037633617	0.0028586687169652285	0.000408381245280747	0.000408381245280747	0.001633524981122988
23	0.05224182717328452	0.0030730486572520307	0.010584945374979216	0.3359866531928887	0.0013657994032231248	0.0027315988064462496	0.010584945374979216	0.035510784483801246	0.08911841106030888	0.01980409134673531	0.004438848060475156	0.005121747762086718	0.0006828997016115624	0.12292194629008123	0.07341171792324296	0.07102156896760249	0.43773870873301146	0.10106915583851124	0.0003414498508057812	0.0013657994032231248
24	0.027864212658158884	0.010717004868522648	0.002857867964939373	0.0014289339824696864	0.0014289339824696864	0.0021434009737045295	0.0007144669912348432	0.011431471859757491	0.007144669912348432	0.0021434009737045295	0.003572334956174216	0.014289339824696864	0.005715735929878746	0.004286801947409059	0.022862943719514982	0.8745075972714481	1.8004568179118048	0.0893083739043554	0.0007144669912348432	0.0021434009737045295
25	0.019967110655179008	0.020431462065764565	0.001393054231756675	0.0009287028211711167	0.001393054231756675	0.00046435141058555834	0.05479346644909588	0.01903840783400789	0.02182451629752124	0.029254138866890173	0.004643514105855583	0.0009287028211711167	0.00046435141058555834	0.5697591807884801	0.06872400876666263	0.26235854698084043	0.6923479531830674	0.10215731032882282	0.00046435141058555834	0.0023217570529277913
26	0.0009068065482514607	0.003627226193005843	0.0009068065482514607	0.0009068065482514607	0.12423249711045012	0.0009068065482514607	0.0009068065482514607	0.009068065482514608	0.0009068065482514607	0.013602098223771912	0.0009068065482514607	0.0018136130965029215	0.0009068065482514607	0.0009068065482514607	0.014508904772023372	0.0009068065482514607	0.0018136130965029215	0.0027204196447543822	3.274478445736025	0.1940566013258126
27	0.009927690366530337	0.0013236920488707115	0.2154308809537083	0.501348363509782	0.009265844342094981	0.002647384097741423	0.026804763989631906	0.05162398990595774	0.04434368363716883	0.04401276062495116	0.0016546150610883895	0.05294768195482846	0.0003309230122176779	0.07875967690780733	0.008934921329877303	0.03243045519733243	0.1538792006812202	0.07644321582228358	0.0003309230122176779	0.012244151452054082
28	0.019567082389432146	0.006627560164162501	0.3004493941087001	0.0053651677519410725	0.018935886183321433	0.0003155981030553572	0.13539158621074826	0.018304689977210718	0.20766355181042503	0.036609379954421435	0.02840382927498215	0.032191006511646435	0.10193818728688038	0.006943158267217859	0.2957154225628697	0.008521148782494645	0.005049569648885715	0.02146067100776429	0.0003155981030553572	0.004102775339719643
29	0.0010757078639578542	0.0010757078639578542	0.0010757078639578542	0.0010757078639578542	0.0010757078639578542	0.0010757078639578542	0.0010757078639578542	0.0010757078639578542	0.0010757078639578542	0.0010757078639578542	0.0010757078639578542	0.0010757078639578542	4.237213276129988	0.0010757078639578542	0.0010757078639578542	0.0010757078639578542	0.0010757078639578542	0.0010757078639578542	0.0010757078639578542	0.0010757078639578542
