    A         C         G         T
    0.0089    0.1109         0    0.0963
    0.0400    0.2615         0    0.3227
    0.0640    0.0240    0.0499         0
         0    0.1247    0.0216    0.1117
    0.5063    0.0463         0    1.0121
    1.7175    1.7079    1.6173         0
    0.7944    1.8332    0.6683         0
    2.3614    2.0178         0    1.0561
         0    1.0382    0.5934    1.0039
    1.2466         0    1.7037    0.9312
         0    0.6541    0.5125    0.2560
         0    0.2546    0.1962    0.0419
    0.0073    0.1157         0    0.0562
    0.0048    0.0834         0    0.0420
    0.0536    0.0271    0.0219         0
         0    0.1666    0.0507    0.2304
    0.1280    0.0523    0.0299         0
         0    0.1896    0.0976    0.3519
    0.1122    0.0154         0    0.1675
    0.0463    0.0013    0.0557         0
    0.0872    0.0666    0.0855         0
    0.0145    0.0399    0.0800         0
    0.0470    0.0607    0.0344         0
    0.0572    0.1719    0.1855         0
    0.4182    0.3907    0.3901         0
         0    0.4904    0.1718    0.7031
    0.2245    0.3540         0    0.3250
    0.6634    1.1738         0    0.6834
    0.2754    0.2841         0    0.0961
    0.8584    1.1974    1.8316         0
         0    2.3758    2.4134    2.1634
    0.2213    0.5455    0.5927         0
         0    0.6560    0.8067    0.8627
         0    0.3773    0.7966    0.8380
    0.9725    1.8411    1.5550         0
         0    0.5302    0.2678    0.4635
    0.0318    0.3854    0.1023         0
         0    0.2086    0.1762    0.1514
    0.0534    0.1274    0.0305         0
         0    0.3238    0.3045    0.2364
    0.0055    0.0797    0.1123         0