MEME version 4.11.2

ALPHABET= ACGT

strands: + -

Background letter frequencies (from unknown source):
A 0.183 C 0.317 G 0.317 T 0.183

MOTIF 1

letter-probability matrix: alength= 4 w= 20 nsites= 600 E= 1.3e-186
0.153333 0.270000 0.473333 0.103333
0.120000 0.278333 0.548333 0.053333
0.243333 0.218333 0.448333 0.090000
0.195000 0.105000 0.591667 0.108333
0.038333 0.771667 0.125000 0.065000
0.020000 0.881667 0.070000 0.028333
0.040000 0.835000 0.046667 0.078333
0.140000 0.235000 0.548333 0.076667
0.035000 0.000000 0.955000 0.010000
0.046667 0.048333 0.888333 0.016667
0.536667 0.158333 0.258333 0.046667
0.423333 0.370000 0.190000 0.016667
0.106667 0.363333 0.166667 0.363333
0.111667 0.606667 0.216667 0.065000
0.281667 0.086667 0.271667 0.360000
0.011667 0.128333 0.833333 0.026667
0.075000 0.503333 0.210000 0.211667
0.391667 0.181667 0.305000 0.121667
0.066667 0.258333 0.255000 0.420000
0.163333 0.253333 0.321667 0.261667
